2.670040000000000191e-01 4.873999999999999860e-03 3.294150000000000134e-01
2.697078117647058737e-01 1.379817647058823385e-02 3.403986705882352526e-01
2.738090000000000246e-01 3.149699999999999722e-02 3.588529999999999776e-01
2.760219999999999896e-01 4.416699999999999793e-02 3.701639999999999930e-01
2.787910000000000110e-01 6.214499999999999885e-02 3.865919999999999912e-01
2.802669999999999884e-01 7.341699999999999615e-02 3.971629999999999883e-01
2.819240000000000079e-01 8.966599999999999571e-02 4.124149999999999761e-01
2.830036941176470311e-01 1.080640588235294158e-01 4.293100941176470342e-01
2.832290000000000085e-01 1.207769999999999955e-01 4.405839999999999756e-01
2.828840000000000243e-01 1.359200000000000130e-01 4.534270000000000245e-01
2.822899999999999854e-01 1.459119999999999862e-01 4.615099999999999758e-01
2.808680000000000065e-01 1.607709999999999972e-01 4.728990000000000138e-01
2.788260000000000183e-01 1.754900000000000071e-01 4.833970000000000211e-01
2.768685882352941441e-01 1.865962823529409842e-01 4.907741411764705020e-01
2.730060000000000264e-01 2.045200000000000073e-01 5.017209999999999726e-01
2.707545647058823279e-01 2.134522235294117332e-01 5.067131999999999747e-01
2.665799999999999836e-01 2.282619999999999927e-01 5.143489999999999451e-01
2.636629999999999807e-01 2.376310000000000089e-01 5.187619999999999454e-01
2.589650000000000007e-01 2.515370000000000106e-01 5.247359999999999802e-01
2.539350000000000218e-01 2.652539999999999898e-01 5.299829999999999819e-01
2.504250000000000087e-01 2.742899999999999783e-01 5.331029999999999935e-01
2.439440823529411273e-01 2.901173411764707000e-01 5.379544941176470640e-01
2.393460000000000032e-01 3.008549999999999836e-01 5.408439999999999914e-01
2.336030000000000051e-01 3.138279999999999959e-01 5.439140000000000086e-01
2.278020000000000045e-01 3.265939999999999954e-01 5.465320000000000178e-01
2.239250000000000129e-01 3.349940000000000140e-01 5.480530000000000124e-01
2.181299999999999906e-01 3.474320000000000186e-01 5.500380000000000269e-01
2.136935176470587949e-01 3.569099176470588719e-01 5.513510823529411686e-01
2.067559999999999953e-01 3.717579999999999774e-01 5.531169999999999698e-01
2.032361764705883644e-01 3.793423529411761863e-01 5.538881058823529324e-01
1.976360000000000061e-01 3.915279999999999871e-01 5.549690000000000456e-01
1.923570000000000002e-01 4.031989999999999741e-01 5.558359999999999967e-01
1.889230000000000076e-01 4.109099999999999975e-01 5.563259999999999872e-01
1.838980000000000059e-01 4.223830000000000084e-01 5.569439999999999946e-01
1.806290000000000118e-01 4.299749999999999961e-01 5.572820000000000551e-01
1.749192352941177087e-01 4.434982352941175265e-01 5.577479411764705297e-01
1.696459999999999912e-01 4.562620000000000009e-01 5.580300000000000260e-01
1.666169999999999873e-01 4.637080000000000091e-01 5.581190000000000317e-01
1.621420000000000083e-01 4.748379999999999823e-01 5.581399999999999695e-01
1.591940000000000022e-01 4.822370000000000267e-01 5.580730000000000413e-01
1.548150000000000082e-01 4.933130000000000015e-01 5.578400000000000025e-01
1.500871647058824865e-01 5.053653058823526223e-01 5.573812941176470304e-01
1.461800000000000044e-01 5.154130000000000100e-01 5.568229999999999569e-01
1.419350000000000056e-01 5.264529999999999488e-01 5.559910000000000130e-01
1.391469999999999929e-01 5.338119999999999532e-01 5.552979999999999583e-01
1.350659999999999916e-01 5.448530000000000317e-01 5.540289999999999937e-01
1.324440000000000062e-01 5.522160000000000402e-01 5.530180000000000096e-01
1.286880235294117769e-01 5.633950235294117315e-01 5.512052470588234554e-01
1.246065529411764655e-01 5.772218588235294989e-01 5.484561999999999493e-01
1.229286352941176691e-01 5.839840823529410807e-01 5.468913058823529072e-01
1.205650000000000055e-01 5.964220000000000077e-01 5.436109999999999554e-01
1.197379999999999972e-01 6.037850000000000161e-01 5.413999999999999924e-01
1.194830000000000059e-01 6.148169999999999469e-01 5.376919999999999478e-01
1.206379999999999952e-01 6.258280000000000509e-01 5.334879999999999622e-01
1.229379294117647070e-01 6.351745529411764180e-01 5.294939411764706394e-01
1.268646588235294026e-01 6.452210235294116858e-01 5.247542941176470688e-01
1.322679999999999967e-01 6.550139999999999851e-01 5.196610000000000396e-01
1.402100000000000013e-01 6.658589999999999787e-01 5.134269999999999667e-01
1.466159999999999963e-01 6.730500000000000371e-01 5.089360000000000550e-01
1.578509999999999913e-01 6.837649999999999562e-01 5.016859999999999653e-01
1.720677647058824478e-01 6.952112941176471494e-01 4.931512352941175847e-01
1.810151176470587431e-01 7.016482823529410773e-01 4.879831647058823774e-01
2.012222941176471380e-01 7.146640588235294578e-01 4.766375882352940629e-01
2.139999999999999958e-01 7.221140000000000336e-01 4.695880000000000054e-01
2.328149999999999942e-01 7.322469999999999812e-01 4.592769999999999908e-01
2.528989999999999849e-01 7.422109999999999541e-01 4.482840000000000158e-01
2.669409999999999838e-01 7.487510000000000554e-01 4.405729999999999924e-01
2.889209999999999834e-01 7.583940000000000126e-01 4.284259999999999735e-01
3.087227058823533987e-01 7.665381176470590363e-01 4.173800588235291875e-01
3.358849999999999891e-01 7.770179999999999865e-01 4.020489999999999897e-01
3.607409999999999783e-01 7.859639999999999960e-01 3.878139999999999921e-01
3.777789999999999759e-01 7.917809999999999571e-01 3.779390000000000249e-01
4.040009999999999990e-01 8.002749999999999586e-01 3.625519999999999854e-01
4.219080000000000052e-01 8.057739999999999903e-01 3.519100000000000006e-01
4.518860941176468526e-01 8.144701764705881697e-01 3.338532823529413163e-01
4.690536941176462471e-01 8.191881411764704302e-01 3.233835647058828644e-01
5.049077999999993516e-01 8.284457647058821594e-01 3.012111764705887040e-01
5.356210000000000138e-01 8.357850000000000001e-01 2.819079999999999919e-01
5.554839999999999778e-01 8.402539999999999454e-01 2.692809999999999926e-01
5.856780000000000319e-01 8.466609999999999969e-01 2.498970000000000080e-01
6.060449999999999449e-01 8.507329999999999615e-01 2.367120000000000057e-01
6.369019999999999682e-01 8.565420000000000256e-01 2.166200000000000070e-01
6.737011764705866934e-01 8.629422705882350275e-01 1.926184117647068983e-01
6.994150000000000089e-01 8.671170000000000266e-01 1.759709999999999885e-01
7.308890000000000109e-01 8.719160000000000244e-01 1.560290000000000010e-01
7.518839999999999968e-01 8.749510000000000343e-01 1.432279999999999942e-01
7.833149999999999835e-01 8.792849999999999833e-01 1.254049999999999887e-01
8.041819999999999524e-01 8.820459999999999967e-01 1.149649999999999977e-01
8.384178352941175083e-01 8.864245058823528867e-01 1.017454823529412022e-01
8.761679999999999469e-01 8.911249999999999449e-01 9.525000000000000133e-02
8.952559882352939535e-01 8.934844941176469657e-01 9.623324705882352337e-02
9.261059999999999848e-01 8.973299999999999610e-01 1.040709999999999968e-01
9.456360000000000321e-01 8.998150000000000315e-01 1.128379999999999939e-01
9.744169999999999776e-01 9.035900000000000043e-01 1.302149999999999974e-01
9.825778470588238944e-01 8.421202823529396753e-01 1.423153294117646683e-01
9.903948823529411527e-01 6.678887058823526068e-01 2.026197647058825269e-01
9.119153999999993765e-01 4.426045176470578268e-01 3.472773411764712992e-01
8.243051764705882078e-01 3.128409411764704884e-01 4.435924705882353658e-01
6.474965176470582895e-01 1.224085294117642081e-01 5.977038235294120927e-01
4.890550000000000175e-01 1.012700000000000058e-02 6.585339999999999527e-01
