7.959147299103611073e-02 6.647558492714741862e-02 1.045726997595241847e-01
8.073045518328400560e-02 6.761264811292452825e-02 1.061401083833245218e-01
8.290153602823913115e-02 6.982558504352573414e-02 1.092585259199206349e-01
8.591114534445465356e-02 7.300325551098113541e-02 1.138945127963576776e-01
8.951109590787198478e-02 7.700278999126289325e-02 1.199968319554120255e-01
9.378566221102949130e-02 8.154973024079711919e-02 1.275008997508187691e-01
9.918195340116894854e-02 8.626887416512279971e-02 1.363284500926722487e-01
1.054046424076473809e-01 9.140087144498826310e-02 1.463492598123308508e-01
1.122480103015721375e-01 9.705303188267169756e-02 1.574367559884072842e-01
1.196319334713024651e-01 1.031606942150487261e-01 1.694743576934913953e-01
1.274794935881096714e-01 1.096614567565062648e-01 1.823471029307589530e-01
1.357191564823542473e-01 1.164970497527424986e-01 1.959452542869422609e-01
1.442863135018101484e-01 1.236147178938120372e-01 2.101671779832966491e-01
1.531241722718969522e-01 1.309680861535170160e-01 2.249213592106039661e-01
1.621840345905675163e-01 1.385175389930088097e-01 2.401275190164792739e-01
1.714250337652426792e-01 1.462301894927255930e-01 2.557168896874402186e-01
1.808134276524254180e-01 1.540795432603876136e-01 2.716317740392488744e-01
1.903215563900753082e-01 1.620449713778708278e-01 2.878245518696216920e-01
1.999265692169769904e-01 1.701111025053571868e-01 3.042563038537445252e-01
2.096090038709633174e-01 1.782672315790595485e-01 3.208952059329976403e-01
2.193512752120891363e-01 1.865068234666351354e-01 3.377148164877421532e-01
2.291361067810147034e-01 1.948271660167623098e-01 3.546923457468231788e-01
2.389449237745931987e-01 2.032292011454129854e-01 3.718069680952632572e-01
2.487562205743801269e-01 2.117175378455504187e-01 3.890382122373722829e-01
2.585439236860112566e-01 2.203006278792830619e-01 4.063644406115695662e-01
2.682757910793269196e-01 2.289910620705115085e-01 4.237614153907300341e-01
2.779119160851196146e-01 2.378059218117546392e-01 4.412009514198724225e-01
2.874034334097996801e-01 2.467670980319073837e-01 4.586496720060818100e-01
2.966915532218268314e-01 2.559014715577878629e-01 4.760678999058476912e-01
3.057069559673253889e-01 2.652407310214515146e-01 4.934086064040388853e-01
3.143701079595965231e-01 2.748210817229806424e-01 5.106168756618215676e-01
3.225922990147400138e-01 2.846824240393669991e-01 5.276295620665821806e-01
3.302773199372101010e-01 2.948667554781008171e-01 5.443749615770362427e-01
3.373243304154094901e-01 3.054162357047723875e-01 5.607730153070219492e-01
3.436317255552699401e-01 3.163708054329131825e-01 5.767358618750311194e-01
3.491019355229523224e-01 3.277655200726502516e-01 5.921687521943315158e-01
3.536470082360088640e-01 3.396278325383250696e-01 6.069713190128596114e-01
3.571947424927285897e-01 3.519751072172809248e-01 6.210391759542966961e-01
3.596950660241797215e-01 3.648126525112107554e-01 6.342658151091270513e-01
3.611262963997214359e-01 3.781325157019488348e-01 6.465447765229366262e-01
3.615008856831722905e-01 3.919131963358077897e-01 6.577720704431756493e-01
3.608702306473749455e-01 4.061203186676177190e-01 6.678488387647185665e-01
3.593281252886444399e-01 4.207081823295961143e-01 6.766842409225740651e-01
3.570124380320331414e-01 4.356220062817706129e-01 6.841985361554031586e-01
3.541046111266861196e-01 4.508006120806057893e-01 6.903263059852636774e-01
3.508266107475581097e-01 4.661792670178171449e-01 6.950197200028594979e-01
3.474350263658521620e-01 4.816924239451370604e-01 6.982516987260910524e-01
3.442121668904340459e-01 4.972761433015626120e-01 7.000187754809288343e-01
3.414542720095634643e-01 5.128700512144641621e-01 7.003434153093187620e-01
3.394573719786597721e-01 5.284187624634965053e-01 6.992755265545987919e-01
3.385018569612127104e-01 5.438727671213804404e-01 6.968929104529584251e-01
3.388373422416445235e-01 5.591888362913115529e-01 6.933004396771994537e-01
3.406697342328875999e-01 5.743300408442411076e-01 6.886278386229178761e-01
3.441522909789181406e-01 5.892654964991628219e-01 6.830260541889426884e-01
3.493818305376555911e-01 6.039699505601199281e-01 6.766623437460339563e-01
3.564002119084053177e-01 6.184233130354810370e-01 6.697143435340348061e-01
3.652001467909685162e-01 6.326102116523214525e-01 6.623634936868909584e-01
3.757336785303606042e-01 6.465196213007566861e-01 6.547882738875248076e-01
3.879214996228287915e-01 6.601445886654497830e-01 6.471577413189065764e-01
4.016616269753213175e-01 6.734820462538469998e-01 6.396258561954487609e-01
4.168365794034923910e-01 6.865326895196159906e-01 6.323270290561490148e-01
4.333186877517255509e-01 6.993007316473748292e-01 6.253730893350112341e-01
4.509741415771013062e-01 7.117938845249605073e-01 6.188522736290673620e-01
4.696657719865688363e-01 7.240230905140672135e-01 6.128298648776979718e-01
4.892551442843893761e-01 7.360021034890209535e-01 6.073505052598986431e-01
5.096045354047374909e-01 7.477471465750414881e-01 6.024421494481483341e-01
5.305785298566415564e-01 7.592761648212922321e-01 5.981207892863068531e-01
5.520455903628074257e-01 7.706079863889458981e-01 5.943957303092465283e-01
5.738794746959497983e-01 7.817613144372587142e-01 5.912747459709642994e-01
5.959604017987559788e-01 7.927535606745834684e-01 5.887685018191998187e-01
6.181758652319407910e-01 8.035995345769391118e-01 5.868936864512387386e-01
6.404210159903399591e-01 8.143100032786239062e-01 5.856743863591433730e-01
6.625985709976299765e-01 8.248901403766597529e-01 5.851413914346840217e-01
6.846182390146854368e-01 8.353378907668309594e-01 5.853293112517259367e-01
7.063956983863167727e-01 8.456422933647234075e-01 5.862716095245250614e-01
7.278512162360851745e-01 8.557818233392611162e-01 5.879939056781191553e-01
7.489080575265074646e-01 8.657228405048492670e-01 5.905061228064122369e-01
7.694908790172138024e-01 8.754182602887310427e-01 5.937942541568311805e-01
7.895243271175770294e-01 8.848065942725550359e-01 5.978126495629132453e-01
8.089320573022135141e-01 8.938115309300815881e-01 6.024777666068298343e-01
8.276363665352869381e-01 9.023422345683445034e-01 6.076642735523902772e-01
8.455585790940522983e-01 9.102945239387606469e-01 6.132042245965863003e-01
8.626202519954684345e-01 9.175530471309770730e-01 6.188897568595336240e-01
8.787451752576680430e-01 9.239944954757592921e-01 6.244794104536306456e-01
8.938620462140344225e-01 9.294917998564128370e-01 6.297077969255604479e-01
9.079076110322242821e-01 9.339191372321701268e-01 6.342979857045154546e-01
9.208300026548933426e-01 9.371574585675285229e-01 6.379756794656018526e-01
9.325919702386654686e-01 9.391001502953207902e-01 6.404840395645747808e-01
9.431736940785498957e-01 9.396583781220109177e-01 6.415979290063021923e-01
9.525749099295707234e-01 9.387656493352846132e-01 6.411363736969654115e-01
9.608161205997257648e-01 9.363811760961288089e-01 6.389721981998278677e-01
9.679387436779899323e-01 9.324917252081926788e-01 6.350380597468359145e-01
9.740041273289689050e-01 9.271117862070459292e-01 6.293284656422339918e-01
9.790914543013290450e-01 9.202820593123550719e-01 6.218977715017525165e-01
9.832946405451113980e-01 9.120664346105038511e-01 6.128545552233133353e-01
9.867184145164032971e-01 9.025477796596380609e-01 6.023530831310218714e-01
9.894738297196780108e-01 8.918229543614475396e-01 5.905827974161248495e-01
9.916735069416652282e-01 8.799975177703909246e-01 5.777568489248827710e-01
9.934269178744022932e-01 8.671805795866250888e-01 5.641006773269551244e-01
9.948360070645206887e-01 8.534801864790825254e-01 5.498415134338413557e-01
9.959914064062390660e-01 8.389995341583059707e-01 5.351994731424959406e-01
9.969694311920690444e-01 8.238341781243665451e-01 5.203806652657535503e-01
9.978299672741043347e-01 8.080702976588781672e-01 5.055724805955424950e-01
9.986152755200011777e-01 7.917839643213361311e-01 4.909409971699357222e-01
9.993496644342189095e-01 7.750412875856198536e-01 4.766302525630438658e-01
1.000000000000000000e+00 7.578992596689748673e-01 4.627630115977645064e-01
1.000000000000000000e+00 7.404070982128728717e-01 4.494425965876829854e-01
1.000000000000000000e+00 7.226078853558431936e-01 4.367553372312334981e-01
1.000000000000000000e+00 7.045403189475895056e-01 4.247732275957959436e-01
1.000000000000000000e+00 6.862404190815422078e-01 4.135564310273877608e-01
1.000000000000000000e+00 6.677430645795988662e-01 4.031553357596466269e-01
1.000000000000000000e+00 6.490832665343708729e-01 3.936119444620202468e-01
1.000000000000000000e+00 6.302971189242915218e-01 3.849605032325212894e-01
1.000000000000000000e+00 6.114223973011004842e-01 3.772274190273837702e-01
9.987143223576534501e-01 5.924988011064784565e-01 3.704306154646974103e-01
9.966750572458377144e-01 5.735678535899910724e-01 3.645785180317929197e-01
9.940253003746631899e-01 5.546724916184571086e-01 3.596688894704767048e-01
9.907131801447089936e-01 5.358563980565791418e-01 3.556877751435070234e-01
9.866953852620946597e-01 5.171632258732753451e-01 3.526089033257215899e-01
9.819380407907557506e-01 4.986354759502349965e-01 3.503934769142552641e-01
9.764174278578449107e-01 4.803135498542445148e-01 3.489909168254815564e-01
9.701202614286646986e-01 4.622347865047098936e-01 3.483403550970441964e-01
9.630433962778782719e-01 4.444323881066749027e-01 3.483726724103061723e-01
9.551935181791487706e-01 4.269346871356953232e-01 3.490132856080493395e-01
9.465864403814977512e-01 4.097643694148530025e-01 3.501850668480632756e-01
9.372462608518417060e-01 3.929377811936853315e-01 3.518112247408826110e-01
9.272044599697516487e-01 3.764642997966962112e-01 3.538178448973089973e-01
9.164989919920020212e-01 3.603457603821017541e-01 3.561358208613781828e-01
9.051733868469687971e-01 3.445759591910168562e-01 3.587019702490814033e-01
8.932758437887721170e-01 3.291402869594022285e-01 3.614592179451823761e-01
8.808582715141434205e-01 3.140155774084079643e-01 3.643558278922833238e-01
8.679752061674695929e-01 2.991702864618860924e-01 3.673437753322991162e-01
8.546825133079478665e-01 2.845651533881089490e-01 3.703764763574156627e-01
8.410357700696978744e-01 2.701545198544624826e-01 3.734062105644784246e-01
8.270882633981374576e-01 2.558884609359898255e-01 3.763816390592134575e-01
8.128886267625741180e-01 2.417158101372383627e-01 3.792458146365308980e-01
7.984782267327027450e-01 2.275880853576436880e-01 3.819350292013608539e-01
7.838884773993184396e-01 2.134642810224467446e-01 3.843787657047838535e-01
7.691383169451568858e-01 1.993164770947806752e-01 3.865009103136440860e-01
7.542321316504898565e-01 1.851362175274934296e-01 3.882222324229723798e-01
7.391584402435399381e-01 1.709416324041624358e-01 3.894639769776152560e-01
7.238896390542415293e-01 1.567853063429178739e-01 3.901522664992533862e-01
7.083830515063570532e-01 1.427628704751509325e-01 3.902229027986255372e-01
6.925834256463139216e-01 1.290220834532910532e-01 3.896261003276241253e-01
6.764268848807574175e-01 1.157715098880473525e-01 3.883306754130895211e-01
6.598461728871937160e-01 1.032863505908989121e-01 3.863272557251372641e-01
6.427768662935301469e-01 9.190598531768404134e-02 3.836301597552764231e-01
6.251640863478575838e-01 8.201350077216837398e-02 3.802777185370084800e-01
6.069691458647389348e-01 7.398490337887758672e-02 3.763309541013383219e-01
5.881755328416535811e-01 6.810303053659069739e-02 3.718706692572659178e-01
5.687936622291205335e-01 6.445638017581523105e-02 3.669931268191238827e-01
5.488639201777438803e-01 6.287386254161608790e-02 3.618046012852911275e-01
5.284579031598465315e-01 6.294342685412240845e-02 3.564153740473430809e-01
5.076771686626675439e-01 6.410787037625603757e-02 3.509331506348410401e-01
4.866497878088127949e-01 6.578196090071078417e-02 3.454565641706477952e-01
4.655253382608708912e-01 6.743874407703651097e-02 3.400695762692915181e-01
4.444682766600520640e-01 6.864897758214305590e-02 3.348368121305085321e-01
4.236503229070958110e-01 6.908577446983940606e-02 3.298002998507838512e-01
4.032424129931614920e-01 6.851147219478972983e-02 3.249778750895409574e-01
3.834067874107578433e-01 6.675819938627222672e-02 3.203633956830531093e-01
3.642897534880149557e-01 6.370724252061271686e-02 3.159287815286221934e-01
3.460156019524993631e-01 5.926800252917770878e-02 3.116277591999295771e-01
3.286820827717469307e-01 5.335431378279093667e-02 3.074010590632726414e-01
3.123577637098835513e-01 4.585205692616727696e-02 3.031827008661945877e-01
2.970815051726980460e-01 3.660852180738822376e-02 2.989069247664139506e-01
2.828641688706141633e-01 2.653877237753106758e-02 2.945152797935748912e-01
2.696925137296155017e-01 1.632180081618199094e-02 2.899633666616674432e-01
2.575350150609929667e-01 6.302384894788494452e-03 2.852267426395614369e-01
2.463490990355240440e-01 0.000000000000000000e+00 2.803055275650705447e-01
2.360890586945984526e-01 0.000000000000000000e+00 2.752273049381980252e-01
2.267137515836473161e-01 0.000000000000000000e+00 2.700480118231524118e-01
2.181931228923175148e-01 0.000000000000000000e+00 2.648506664183972736e-01
2.105127189048587866e-01 0.000000000000000000e+00 2.597419550297703217e-01
2.036756624999893628e-01 0.000000000000000000e+00 2.548468520964998763e-01
1.977615140884450007e-01 0.000000000000000000e+00 2.503076628606556997e-01
1.929046655677319477e-01 0.000000000000000000e+00 2.462736956007085531e-01
1.890760172775479975e-01 0.000000000000000000e+00 2.428711469817661506e-01
1.862414647995699057e-01 0.000000000000000000e+00 2.402115163945445220e-01
1.843709148334545522e-01 0.000000000000000000e+00 2.383851520678009206e-01
1.834417329885095482e-01 0.000000000000000000e+00 2.374555838818699360e-01
